notebooks/grid_data/fine_topo.asc
NCOLS 180
NROWS 100
XLLCENTER 500.
YLLCENTER 500.
CELLSIZE 1000.
NODATA_VALUE 1.e30
[rows 27 to 53 of 100, columns 0 to 59 of 180]
1e+30 1e+30 1e+30 1e+30 1e+30 1e+30 1e+30 103.22703 103.04121 102.85015 102.6203 102.34604 102.02607 101.65943 101.24495 100.78134 100.26722 99.701249 99.082423 98.41064 97.687746 96.919285 96.11731 95.304273 94.516565 93.802252 93.201697 92.709918 92.303258 91.954815 91.641633 91.346954 91.059665 90.772975 90.482929 90.187414 89.885516 89.577094 89.262614 88.942906 88.618933 88.29158 87.961534 87.629207 87.294747 86.958118 86.619204 86.277842 85.933799 85.58671 85.236045 84.881095 84.520927 84.154347 83.779897 83.395818 83.000073 82.590378 82.16425 81.719075
1e+30 1e+30 1e+30 1e+30 1e+30 1e+30 103.50858 103.36285 103.18139 102.96807 102.71454 102.41618 102.07046 101.67538 101.22888 100.72869 100.17217 99.556394 98.878238 98.134791 97.324249 96.44787 95.513991 94.545746 93.593433 92.745015 92.098326 91.614534 91.241102 90.932102 90.654544 90.387818 90.120495 89.846972 89.564759 89.27291 88.971453 88.661167 88.343355 88.019665 87.691811 87.361286 87.02917 86.696047 86.362075 86.027188 85.691292 85.354326 85.016211 84.676728 84.335461 83.991788 83.644848 83.293501 82.936263 82.571281 82.196328 81.808886 81.406209 80.985409
1e+30 1e+30 1e+30 1e+30 1e+30 1e+30 103.60431 103.48441 103.30342 103.0762 102.8036 102.48371 102.11423 101.69274 101.21652 100.68236 100.08638 99.423914 98.689343 97.876036 96.976589 95.983946 94.895025 93.721273 92.5164 91.436042 90.782066 90.358782 90.064523 89.827923 89.606592 89.379251 89.137542 88.879668 88.606192 88.317997 88.016253 87.702776 87.379971 87.050586 86.717336 86.382549 86.047792 85.713738 85.380325 85.04727 84.714449 84.381967 84.049991 83.718527 83.387292 83.055764 82.723199 82.388558 82.050383 81.706708 81.355069 80.992623 80.616266 80.222772
1e+30 1e+30 1e+30 1e+30 1e+30 103.90921 103.76994 103.61719 103.42169 103.17971 102.88999 102.55082 102.16 101.71484 101.21211 100.64783 100.01707 99.313538 98.52918 97.653415 96.672127 95.566299 94.310874 92.877909 91.264849 89.650673 89.185107 88.924 88.78027 88.658475 88.514664 88.335042 88.120734 87.877982 87.612358 87.326602 87.022768 86.703703 86.37316 86.035364 85.694413 85.353774 85.015692 84.680762 84.348201 84.017103 83.68725 83.359087 83.033256 82.710078 82.389396 82.070766 81.753629 81.437164 81.12002 80.800111 80.474637 80.140288 79.793471 79.430513
1e+30 1e+30 1e+30 1e+30 1e+30 103.99847 103.89894 103.74281 103.53646 103.28096 102.97582 102.6196 102.21011 101.74451 101.21923 100.6298 99.970516 99.233992 98.410423 97.486307 96.442198 95.248239 93.85425 92.164643 89.964419 86.666667 87.333682 87.321832 87.424083 87.461041 87.408521 87.27553 87.082361 86.849143 86.588671 86.303302 85.994525 85.666122 85.323626 84.973288 84.62117 84.272452 83.93044 83.595405 83.264595 82.935676 82.608343 82.283863 81.963863 81.649146 81.339442 81.034261 80.733361 80.436432 80.142417 79.849061 79.553061 79.250411 78.936819 78.608014
1e+30 1e+30 1e+30 1e+30 1e+30 104.13741 104.03447 103.8687 103.65042 103.38186 103.06275 102.69164 102.26632 101.78385 101.24051 100.63162 99.9512 99.191496 98.342211 97.389188 96.312113 95.080192 93.643236 91.911994 89.711506 86.666667 86.111111 85.555556 86.083185 86.303094 86.33285 86.226179 86.034062 85.797561 85.539878 85.253401 84.935894 84.592602 84.231949 83.863005 83.494538 83.134436 82.788223 82.455834 82.129102 81.802678 81.476592 81.154171 80.839168 80.53319 80.234972 79.943478 79.65912 79.38278 79.114145 78.85066 78.588124 78.321452 78.045357 77.754794
1e+30 1e+30 1e+30 1e+30 104.47585 104.32938 104.18274 103.99711 103.76467 103.48334 103.15169 102.76791 102.32969 101.83406 101.27735 100.65497 99.961158 99.188575 98.327736 97.366113 96.286872 95.067176 93.676508 92.078581 90.252945 88.306498 86.971742 85.555556 85 85.285292 85.343614 85.212275 84.98014 84.717176 84.469893 84.18455 83.853088 83.486455 83.098556 82.702228 82.309513 81.932497 81.582155 81.26058 80.94327 80.619313 80.291136 79.967057 79.655447 79.359477 79.073786 78.795582 78.526876 78.271436 78.030711 77.801304 77.577323 77.351911 77.118351 76.870658
1e+30 1e+30 1e+30 1e+30 104.57233 104.47174 104.32006 104.12233 103.87782 103.58517 103.24276 102.84864 102.40046 101.89536 101.32986 100.69975 99.999881 99.22391 98.364039 97.410639 96.352087 95.17513 93.86703 92.422876 90.865198 89.284616 87.863792 86.453475 85 84.444444 84.494035 84.249175 83.907049 83.571102 83.387962 83.111813 82.755438 82.351577 81.9236 81.487855 81.05881 80.653903 80.297338 80.011079 79.714095 79.390196 79.051585 78.717466 78.406079 78.125471 77.855088 77.588166 77.331334 77.095381 76.885968 76.696528 76.517969 76.340535 76.155491 75.955852
1e+30 1e+30 1e+30 1e+30 104.71926 104.61528 104.45347 104.24435 103.98915 103.68678 103.33554 102.93344 102.47816 101.96705 101.39698 100.7643 100.0647 99.293153 98.443859 97.510301 96.485704 95.364219 94.143588 92.830683 91.450366 90.052975 88.695331 87.344553 85.957942 84.444444 83.888889 83.333333 82.777778 82.222222 82.34904 82.069309 81.655278 81.190815 80.706411 80.216783 79.733975 79.276967 78.892208 78.722302 78.461831 78.125781 77.757554 77.395155 77.075945 76.831251 76.582932 76.320678 76.064919 75.842782 75.671235 75.530847 75.407466 75.286739 75.157235 75.011308
1e+30 1e+30 1e+30 105.08556 104.92019 104.76669 104.58421 104.3625 104.09767 103.78727 103.42921 103.02142 102.56171 102.0477 101.47671 100.84576 100.15146 99.390148 98.557933 97.650991 96.666217 95.602446 94.462431 93.255907 92.002585 90.7316 89.470003 88.221475 86.992762 85.831794 84.978695 84.20391 83.370365 82.222222 81.666667 81.111111 80.555556 80 79.444444 78.888889 78.333333 77.777778 77.222222 77.474089 77.235148 76.843546 76.407687 75.979642 75.62128 75.490649 75.274711 74.996683 74.714887 74.489597 74.375348 74.298157 74.244321 74.191711 74.125385 74.038818
1e+30 1e+30 105.31372 105.20094 105.0593 104.89709 104.70422 104.4738 104.20179 103.88545 103.52262 103.11132 102.64957 102.13534 101.56642 100.94054 100.25523 99.508046 98.696718 97.819493 96.875734 95.866897 94.797763 93.677922 92.522496 91.350821 90.181626 89.028579 87.90983 86.861264 85.940197 85.08326 84.227547 83.344043 82.636057 81.991112 81.371892 80.763219 80.156217 79.541375 78.900181 78.182083 77.222222 76.666667 76.111111 75.555556 75 74.444444 73.888889 74.185364 73.978577 73.626456 73.258342 72.975361 72.992393 72.992109 73.029934 73.060396 73.063781 73.041088
1e+30 1e+30 105.3765 105.29524 105.16903 105.00821 104.81179 104.57672 104.30025 103.98015 103.61453 103.20167 102.73992 102.22764 101.66313 101.04475 100.37088 99.6401 98.851403 98.004504 97.100329 96.14165 95.133827 94.085509 93.008654 91.917578 90.82709 89.751396 88.70672 87.713243 86.787578 85.911387 85.062524 84.240337 83.492398 82.795389 82.127683 81.474755 80.82582 80.170209 79.493933 78.778156 78.01696 77.36188 76.739392 76.121448 75.485767 74.787644 73.888889 73.333333 72.777778 72.222222 71.666667 71.111111 71.576754 71.597946 71.772913 71.906157 71.978245 72.020894
1e+30 105.54066 105.47058 105.38448 105.26338 105.10495 104.90804 104.67106 104.39236 104.07038 103.70368 103.29092 102.83082 102.32214 101.76371 101.15443 100.49342 99.78007 99.014306 98.196801 97.329405 96.415505 95.460402 94.47166 93.459017 92.433751 91.407791 90.393213 89.402427 88.447421 87.535474 86.66219 85.820821 85.012379 84.247819 83.520372 82.818705 82.132315 81.452117 80.769721 80.077186 79.369651 78.655588 77.974506 77.313127 76.655073 75.983962 75.281473 74.54128 73.889149 73.259485 72.621881 71.938898 71.111111 70.555556 70 70.507611 70.763074 70.872144 70.978178
1e+30 105.56074 105.5308 105.45878 105.34508 105.19023 104.99438 104.75715 104.47777 104.15534 103.7889 103.37753 102.92031 102.41642 101.86512 101.26585 100.61827 99.922437 99.178919 98.389006 97.555021 96.680531 95.770578 94.831728 93.872024 92.900598 91.927093 90.961224 90.012354 89.088567 88.194745 87.331099 86.496211 85.690556 84.916137 84.16959 83.444473 82.733709 82.030629 81.329352 80.625445 79.917689 79.211244 78.517428 77.833547 77.151767 76.463536 75.76301 75.055635 74.372506 73.69913 73.016896 72.305907 71.552627 70.827255 70 69.444444 69.716374 69.719076 69.904447
1e+30 1e+30 105.58311 105.52479 105.41795 105.26651 105.07213 104.8354 104.55625 104.23432 103.86908 103.45998 103.00648 102.50811 101.96452 101.37558 100.7414 100.06249 99.339888 98.575269 97.771153 96.931065 96.059633 95.162631 94.246777 93.31955 92.388786 91.462257 90.547208 89.649719 88.773831 87.921242 87.09236 86.287494 85.506578 84.747374 84.00589 83.277425 82.557353 81.84165 81.12757 80.414436 79.704296 79.00043 78.30187 77.6049 76.905423 76.201402 75.495754 74.796103 74.097635 73.390667 72.665197 71.916238 71.150828 70.332569 69.444444 68.888889 68.333333 68.789731
1e+30 1e+30 105.64374 105.58936 105.48546 105.33574 105.14227 104.90608 104.62753 104.30661 103.94313 103.53683 103.08751 102.59499 102.05927 101.48054 100.85925 100.19626 99.492871 98.751002 97.973237 97.162937 96.324307 95.462383 94.582894 93.69204 92.796241 91.901808 91.014536 90.139302 89.279652 88.43771 87.614532 86.810518 86.025333 85.257453 84.504306 83.762768 83.029696 82.302327 81.57874 80.858181 80.141079 79.428137 78.718622 78.010572 77.301874 76.591423 75.879881 75.16852 74.454633 73.73295 72.997978 72.246322 71.477232 70.684991 69.883746 69.145965 68.333333 67.777778
1e+30 1e+30 105.70876 105.65348 105.54884 105.39871 105.20514 104.96915 104.6912 104.37148 104.01 103.60674 103.16174 102.67508 102.14702 101.57802 100.9688 100.32042 99.63437 98.912649 98.157842 97.373117 96.56227 95.729716 94.880374 94.01947 93.152342 92.284192 91.419821 90.563301 89.717782 88.885433 88.067557 87.264725 86.476789 85.702798 84.941119 84.189691 83.446376 82.709256 81.976897 81.248482 80.523727 79.802434 79.083896 78.366877 77.650063 76.93252 76.213841 75.493492 74.769447 74.038527 73.297427 72.543836 71.776785 70.996396 70.209585 69.427882 68.617289 67.777778
1e+30 1e+30 105.77906 105.71697 105.60776 105.45517 105.26046 105.02418 104.74667 104.42811 104.06865 103.66841 103.22761 102.74657 102.22572 101.66572 101.06748 100.43223 99.761536 99.057427 98.322392 97.559417 96.771942 95.963855 95.139424 94.303121 93.45946 92.612822 91.767265 90.926298 90.092742 89.268692 88.455545 87.654049 86.864318 86.085863 85.317693 84.558505 83.806866 83.061431 82.321114 81.585122 80.85292 80.124003 79.397673 78.673003 77.949004 77.22477 76.499491 75.772153 75.041121 74.304259 73.559369 72.804791 72.039686 71.264221 70.480305 69.688678 68.880155 68.054783
1e+30 105.93373 105.86151 105.77752 105.66005 105.50378 105.30735 105.07047 104.79319 104.47565 104.11806 103.72065 103.28377 102.80786 102.29356 101.74165 101.15316 100.52943 99.872092 99.183119 98.464905 97.72023 96.952226 96.164362 95.360372 94.544148 93.719576 92.890412 92.060161 91.231909 90.408214 89.591073 88.781917 87.981635 87.190586 86.408647 85.635301 84.869773 84.111146 83.358498 82.611007 81.867978 81.128826 80.392987 79.659798 78.928481 78.198186 77.468055 76.737187 76.004501 75.268631 74.527997 73.780994 73.026277 72.262935 71.490486 70.708723 69.916364 69.109866 68.288944
1e+30 105.95594 105.90586 105.82154 105.70116 105.54256 105.34469 105.10718 104.83 104.51327 104.15728 103.76236 103.32894 102.85758 102.34902 101.80416 101.22411 100.61026 99.964253 99.288033 98.583872 97.854359 97.102361 96.330995 95.54358 94.743538 93.934284 93.119109 92.301092 91.482995 90.667168 89.855511 89.049467 88.25003 87.457768 86.672849 85.89511 85.124163 84.359465 83.600416 82.846428 82.096941 81.351423 80.609329 79.870061 79.132939 78.397214 77.662079 76.926683 76.190021 75.45092 74.708109 73.960312 73.206359 72.445259 71.676078 70.897715 70.108203 69.304008 68.479364
1e+30 105.97819 105.9345 105.85167 105.73049 105.57062 105.37169 105.13357 104.85634 104.54019 104.18545 103.79256 103.36202 102.8945 102.39078 101.85185 101.27887 100.67326 100.03663 99.370894 98.678202 97.960975 97.221856 96.463679 95.689423 94.902151 94.104911 93.300646 92.492116 91.681827 90.871964 90.064349 89.260428 88.461279 87.667629 86.879881 86.098146 85.322321 84.552152 83.787292 83.027364 82.271945 81.520596 80.772845 80.028172 79.285991 78.54565 77.806411 77.067481 76.327973 75.586897 74.843193 74.09578 73.343607 72.585649 71.820844 71.047847 70.264726 69.468608 68.655334
1e+30 105.9941 105.95228 105.87015 105.74855 105.58775 105.38789 105.1491 104.8716 104.55571 104.20181 103.81042 103.3821 102.9176 102.41775 101.88358 101.31628 100.71726 100.08813 99.430719 98.747075 98.039485 97.310401 96.562429 95.79829 95.020755 94.232589 93.43647 92.634921 91.830253 91.024522 90.219492 89.416614 88.617032 87.821602 87.030904 86.245261 85.464805 84.689513 83.919245 83.153795 82.39288 81.636171 80.883293 80.133812 79.387236 78.642991 77.900438 77.158864 76.417505 75.675506 74.931982 74.185997 73.436627 72.682902 71.923789 71.158088 70.384249 69.600368 68.804458
1e+30 106.00186 105.96036 105.8781 105.7558 105.59397 105.39304 105.15336 104.87528 104.55924 104.20569 103.81519 103.38839 102.92604 102.42906 101.89844 101.33542 100.74138 100.11791 99.466774 98.789924 98.089511 97.367844 96.627351 95.87055 95.099997 94.318236 93.527741 92.730858 91.929754 91.126392 90.322488 89.519504 88.718642 87.920857 87.126872 86.337183 85.552114 84.771829 83.996361 83.225662 82.459581 81.697906 80.940356 80.186581 79.436169 78.688639 77.943465 77.200039 76.457682 75.715662 74.973231 74.229603 73.483979 72.735531 71.983342 71.226459 70.463788 69.694158 68.916765
1e+30 106.00114 105.95924 105.87611 105.75256 105.58931 105.38695 105.146 104.86695 104.55028 104.19653 103.80628 103.38022 102.91914 102.42395 101.8957 101.33557 100.74495 100.12537 99.478534 98.806333 98.110805 97.39413 96.658597 95.906574 95.140457 94.362627 93.575409 92.78102 91.981524 91.178809 90.374569 89.570274 88.767171 87.966309 87.16853 86.37448 85.584632 84.799308 84.0187 83.242896 82.471869 81.705512 80.943633 80.185972 79.43221 78.681966 77.934776 77.190145 76.447494 75.706228 74.965686 74.225212 73.484153 72.741864 71.997608 71.250651 70.500258 69.74572 68.986575
1e+30 105.9923 105.94937 105.86455 105.73903 105.57375 105.36946 105.12679 104.84626 104.52843 104.17387 103.7832 103.35709 102.89637 102.40193 101.87482 101.31623 100.72749 100.11008 99.46567 98.796068 98.10324 97.38927 96.656337 95.906695 95.142627 94.366405 93.580251 92.786285 91.986504 91.182752 90.376701 89.569836 88.763455 87.958679 87.156458 86.357564 85.562611 84.772056 83.986232 83.205347 82.429484 81.658623 80.892675 80.131467 79.374754 78.622228 77.873536 77.128275 76.385945 75.646043 74.90805 74.171406 73.435602 72.700135 71.964523 71.228285 70.490907 69.751868 69.010684
1e+30 105.97638 105.93138 105.84372 105.71526 105.54721 105.34037 105.0954 104.81289 104.49333 104.13733 103.74554 103.3186 102.85731 102.36259 101.83545 101.27704 100.68868 100.0718 99.428004 98.75905 98.066837 97.35338 96.620789 95.871244 95.106954 94.330121 93.542898 92.747355 91.945442 91.138977 90.329625 89.518888 88.708114 87.898488 87.091055 86.286702 85.486172 84.690061 83.898824 83.11277 82.332077 81.55682 80.786987 80.022463 79.26309 78.50865 77.758882 77.013457 76.271976 75.533977 74.799041 74.066748 73.336706 72.608561 71.882066 71.157033 70.433239 69.710178 68.987124
1e+30 105.95549 105.90601 105.81372 105.68114 105.50946 105.29942 105.0516 104.76653 104.44469 104.08665 103.693 103.26443 102.80171 102.30569 101.77736 101.21784 100.62839 100.01043 99.365504 98.695306 98.001691 97.28663 96.5522 95.80054 95.033819 94.254218 93.463856 92.664777 91.858918 91.048082 90.233924 89.417969 88.601607 87.786097 86.972562 86.162003 85.355297 84.553177 83.756214 82.964813 82.179232 81.399608 80.625978 79.858301 79.096484 78.340401 77.589877 76.844688 76.104503 75.368876 74.637402 73.909818 73.185914 72.465382 71.748146 71.034518 70.324816 69.618485 68.914261
