notebooks/grid_data/fine_topo.asc
NCOLS 180
NROWS 100
XLLCENTER 500.
YLLCENTER 500.
CELLSIZE 1000.
NODATA_VALUE 1.e30
[rows 54 to 80 of 100, columns 60 to 119 of 180]
68.108479 67.426074 66.742904 66.061223 65.386191 64.719109 64.061632 63.414025 62.777778 62.222222 62.082925 61.859758 61.553411 61.204897 60.846318 60.454959 60.030163 59.580582 59.115269 58.637696 58.137593 57.609322 57.051941 56.466333 55.854088 55.21857 54.567698 53.913948 53.256747 52.590736 51.912199 51.229317 50.578066 49.95001 49.336107 48.730885 48.131304 47.535648 46.942881 46.3523 45.763337 45.175409 44.58778 43.999348 43.40828 42.811357 42.202895 41.574312 40.923052 40.323899 39.741958 39.165231 38.587176 37.999416 37.381312 36.666667 36.111111 35.555556 35 34.444444
67.956449 67.29602 66.632059 65.96831 65.320512 64.684529 64.056449 63.433366 62.81529 62.222222 61.666667 61.437978 61.064372 60.660543 60.322906 59.930295 59.492776 59.032158 58.567955 58.113562 57.632794 57.116623 56.566502 55.984422 55.370478 54.725216 54.059197 53.409052 52.763368 52.104982 51.414797 50.686671 50.052569 49.451096 48.862913 48.281118 47.702896 47.126943 46.552564 45.979327 45.406896 44.834925 44.262955 43.690229 43.115281 42.534854 41.940573 41.307886 40.555556 40 39.444444 38.888889 38.333333 37.777778 37.222222 36.666667 36.875172 36.594826 36.142468 35.601322
67.755995 67.119497 66.471057 65.809478 65.193003 64.592065 63.996276 63.397694 62.777778 62.222222 61.666667 61.111111 60.555556 60 59.804472 59.400536 58.928489 58.437312 57.960825 57.565808 57.113398 56.60788 56.063026 55.484377 54.868195 54.202623 53.484823 52.849698 52.23269 51.60103 50.905346 50 49.444444 48.888889 48.333333 47.777778 47.222222 46.666667 46.111111 45.555556 45 44.444444 43.888889 43.333333 42.777778 42.222222 41.666667 41.111111 40.555556 40.708104 40.445521 40.046735 39.598511 39.135471 38.683158 38.286827 38.078048 37.756121 37.323726 36.800908
67.510327 66.904907 66.273152 65.555556 65 64.444444 63.888889 63.333333 62.777778 62.46525 61.979046 61.419307 60.789297 60 59.444444 58.888889 58.333333 57.777778 57.222222 57.025451 56.597108 56.088471 55.54334 54.971865 54.365302 53.68226 52.777778 52.222222 51.666667 51.111111 50.555556 50 49.562724 49.041797 48.492128 47.930239 47.361588 46.788138 46.210863 45.630922 45.050211 44.469496 43.888889 43.333333 42.777778 42.844747 42.597077 42.25975 41.938269 41.781312 41.532809 41.204022 40.828503 40.432434 40.038115 39.669435 39.344082 38.977882 38.545402 38.043581
67.222222 66.666667 66.111111 65.555556 65.30571 64.858446 64.348615 63.820731 63.300481 62.83199 62.314938 61.74777 61.132334 60.473209 59.866267 59.270198 58.663732 58.013844 57.222222 56.666667 56.111111 55.555556 55 54.444444 53.888889 53.333333 52.777778 52.375044 51.86833 51.328732 50.779624 50.234229 49.714653 49.173442 48.613138 48.039467 47.455749 46.863439 46.263281 45.657056 45.050427 44.444444 43.888889 43.952074 43.806347 43.73189 43.56715 43.342542 43.106452 42.896068 42.650375 42.358033 42.029035 41.677643 41.317424 40.958716 40.600954 40.215916 39.786414 39.306474
67.767328 67.231843 66.700019 66.191086 65.75888 65.284997 64.776392 64.250498 63.721425 63.197268 62.650946 62.07451 61.469055 60.844227 60.227215 59.611907 58.987553 58.341635 57.670136 57.062223 56.476497 55.899961 55.328116 54.759491 54.194275 53.634804 53.088813 52.581853 52.052877 51.505855 50.949984 50.392639 49.838217 49.274184 48.697517 48.108745 47.508504 46.896591 46.271768 45.633592 45 44.444444 44.638509 44.729711 44.713646 44.659319 44.547086 44.386809 44.198927 43.996123 43.764581 43.498694 43.201958 42.881686 42.545229 42.197054 41.835108 41.448414 41.02786 40.569469
68.270698 67.743364 67.216034 66.699883 66.203708 65.696274 65.171462 64.633441 64.087436 63.534708 62.967065 62.380269 61.775142 61.157418 60.536449 59.912658 59.282931 58.645003 58.004466 57.385602 56.782696 56.189672 55.603006 55.021123 54.443924 53.872799 53.310816 52.760669 52.205474 51.641831 51.071825 50.498125 49.921397 49.337555 48.743997 48.13949 47.522932 46.892651 46.243602 45.555556 45 45.242265 45.440977 45.564621 45.609212 45.594648 45.525068 45.408678 45.256318 45.074915 44.863129 44.620196 44.348407 44.051897 43.73474 43.399157 43.044006 42.664772 42.257164 41.819344
68.735009 68.204882 67.670869 67.138687 66.60979 66.07492 65.529724 64.974355 64.410162 63.837062 63.252343 62.654348 62.043817 61.423842 60.798494 60.169333 59.536508 58.900982 58.267123 57.643026 57.029016 56.42303 55.82312 55.22808 54.637499 54.051646 53.470989 52.894539 52.316513 51.734166 51.147362 50.556637 49.961692 49.360643 48.751435 48.132293 47.501088 46.857476 46.204436 45.555556 45.751434 46.033626 46.268531 46.428587 46.513929 46.534987 46.499844 46.416504 46.292741 46.134078 45.942813 45.720548 45.469575 45.192749 44.892677 44.570837 44.226996 43.859492 43.46667 43.048119
69.160329 68.620278 68.073864 67.524194 66.971836 66.413883 65.848159 65.274091 64.691789 64.101014 63.500876 62.890944 62.27192 61.645633 61.014351 60.379674 59.742784 59.105296 58.470019 57.840365 57.217322 56.600326 55.988371 55.380573 54.776345 54.175306 53.576949 52.979982 52.381874 51.78097 51.176816 50.569363 49.958088 49.341884 48.718804 48.087158 47.441644 46.781724 46.111111 45.555556 46.366543 46.822285 47.120927 47.31726 47.432928 47.48153 47.472815 47.414752 47.314062 47.175846 47.003504 46.799613 46.566605 46.306853 46.022386 45.714516 45.383656 45.029541 44.651919 44.251201
69.546246 68.992046 68.430118 67.862387 67.289471 66.710607 66.124928 65.532049 64.931883 64.324328 63.709205 63.086625 62.457274 61.822414 61.183589 60.542219 59.899648 59.257392 58.617292 57.981105 57.349584 56.722579 56.099468 55.479511 54.862007 54.246282 53.631519 53.01657 52.400029 51.781023 51.159568 50.53591 49.909404 49.280001 48.644741 48.005886 47.346604 46.666667 46.111111 46.708041 47.286898 47.718049 48.025638 48.236608 48.369001 48.435394 48.445132 48.405624 48.322904 48.201732 48.045734 47.857789 47.640375 47.395675 47.125504 46.831196 46.513573 46.173107 45.810276 45.425928
69.892446 69.321526 68.742157 68.155746 67.56304 66.964132 66.358895 65.747282 65.129352 64.5052 63.874984 63.239065 62.598125 61.953158 61.305359 60.655958 60.006193 59.357337 58.710657 58.06718 57.427336 56.790947 56.157414 55.525989 54.895888 54.266294 53.636281 53.004754 52.370654 51.733529 51.094527 50.455298 49.81362 49.173975 48.524273 47.895038 47.222222 46.666667 47.287686 47.828588 48.30497 48.687378 48.976971 49.184536 49.321077 49.395915 49.416691 49.38971 49.3202 49.212446 49.069908 48.895431 48.691427 48.459961 48.202757 47.921195 47.616337 47.289039 46.940154 46.570738
70.198828 69.609452 69.011231 68.405385 67.792791 67.173969 66.549229 65.918828 65.28303 64.642122 63.996456 63.34652 62.692986 62.036717 61.378717 60.720057 60.061828 59.405099 58.750814 58.09962 57.451641 56.80645 56.163251 55.521146 54.879263 54.236726 53.592564 52.945506 52.294299 51.637911 50.97971 50.32713 49.6658 49.028001 48.333333 47.777778 47.222222 47.940307 48.494369 48.96366 49.367023 49.699525 49.960339 50.153487 50.284853 50.360497 50.386006 50.366326 50.305752 50.207953 50.07603 49.912612 49.719951 49.499988 49.254375 48.984503 48.69155 48.376563 48.040569 47.6847
70.465448 69.856222 69.237923 68.611766 67.978766 67.339716 66.695219 66.045767 65.39181 64.733792 64.072189 63.40756 62.740566 62.071995 61.402728 60.733722 60.065962 59.400411 58.737883 58.078838 57.42315 56.769957 56.117997 55.466081 54.813291 54.158781 53.501753 52.840404 52.17312 51.494103 50.809269 50.157712 49.444444 48.888889 48.333333 48.810563 48.941665 49.327961 49.735831 50.114663 50.449943 50.73337 50.961383 51.134228 51.254362 51.325223 51.350516 51.333843 51.278536 51.187592 51.063656 50.909045 50.725791 50.515678 50.280263 50.020907 49.738819 49.435112 49.110875 48.76724
70.69244 70.062056 69.422462 68.774976 68.120788 67.460906 66.79615 66.127199 65.454645 64.779042 64.100947 63.420957 62.73972 62.057962 61.376476 60.696137 60.017886 59.342695 58.671457 58.004698 57.342162 56.68223 56.022699 55.361886 54.699041 54.033355 53.36526 52.691239 52.013686 51.306113 50.555556 50 49.444444 49.844203 49.902711 50.139472 50.355914 50.644043 50.956329 51.259217 51.534722 51.772631 51.967602 52.117689 52.223153 52.28553 52.307003 52.290001 52.236966 52.150234 52.031966 51.88413 51.708502 51.506681 51.280101 51.030054 50.757719 50.464203 50.150588 49.817966
70.880008 70.227092 69.564873 68.894876 68.218501 67.536963 66.851265 66.162221 65.47052 64.776779 64.081597 63.385592 62.689388 61.993646 61.299073 60.606463 59.916745 59.231016 58.550542 57.876324 57.208557 56.544101 55.878681 55.209718 54.537634 53.860341 53.1847 52.495607 51.834267 51.111111 50.555556 50.868859 50.900409 51.090765 51.243832 51.438701 51.648471 51.885963 52.136221 52.381156 52.607098 52.804834 52.968709 53.095781 53.18504 53.236754 53.251979 53.232199 53.179098 53.094415 52.979847 52.837009 52.667412 52.472451 52.253416 52.011496 51.747804 51.463399 51.159309 50.836563
71.02843 70.351425 69.665054 68.971143 68.27137 67.567175 66.859715 66.149891 65.438424 64.725943 64.013062 63.300405 62.588575 61.878143 61.169695 60.463879 59.761605 59.064072 58.373357 57.69149 57.021637 56.35693 55.688204 55.010676 54.331435 53.635674 52.967592 52.222222 51.666667 51.111111 51.652849 51.969472 52.147564 52.324609 52.493145 52.67302 52.863302 53.065115 53.271437 53.472092 53.657686 53.820899 53.956624 54.061694 54.134482 54.174483 54.181976 54.157734 54.102833 54.018496 53.906011 53.766663 53.601699 53.412311 53.19963 52.964727 52.708621 52.432293 52.136697 51.822783
71.13806 70.435119 69.722765 69.003259 68.278653 67.550642 66.820516 66.089187 65.357323 64.625491 63.894291 63.164377 62.436349 61.710648 60.987673 60.267744 59.551708 58.840299 58.137321 57.444629 56.779569 56.123777 55.456524 54.763349 54.091752 53.333333 52.777778 52.222222 52.61968 52.674517 52.92526 53.158611 53.345758 53.516952 53.681109 53.846925 54.016592 54.189751 54.362318 54.528092 54.680657 54.814454 54.925196 55.009896 55.06671 55.094722 55.093708 55.063935 55.006004 54.920732 54.809049 54.671943 54.51042 54.325473 54.118076 53.88917 53.639668 53.370456 53.082406 52.776376
71.209366 70.478217 69.737619 68.990465 68.23933 67.486221 66.732509 65.979004 65.226172 64.474393 63.724222 62.976451 62.231782 61.490416 60.752592 60.017698 59.287177 58.558092 57.841001 57.120132 56.478224 55.85208 55.200762 54.444444 53.888889 53.333333 53.693333 53.70404 53.865321 53.992012 54.165062 54.343949 54.509897 54.666327 54.817413 54.966973 55.116385 55.264975 55.409986 55.5473 55.672395 55.781067 55.869817 55.935989 55.977753 55.994002 55.984208 55.948298 55.88653 55.79939 55.68752 55.551654 55.392579 55.211105 55.008051 54.784226 54.540434 54.277465 53.996096 53.697096
71.243002 70.480755 69.709017 68.931639 68.151964 67.372394 66.594287 65.818141 65.043952 64.271676 63.50174 62.735417 61.973905 61.216627 60.464572 59.713275 58.971208 58.213883 57.498445 56.666667 56.111111 55.555556 55 54.444444 54.80323 54.788115 54.908191 54.985281 55.095543 55.213147 55.349019 55.492213 55.633543 55.771037 55.905238 56.037161 56.166996 56.293775 56.41535 56.528726 56.630558 56.717603 56.787016 56.836492 56.864315 56.869321 56.850823 56.808522 56.742429 56.652783 56.539993 56.40458 56.247143 56.068327 55.868805 55.64926 55.410387 55.152877 54.877414 54.58468
71.239906 70.442775 69.636048 68.825096 68.014481 67.207092 66.404088 65.605312 64.809809 64.01661 63.225628 62.439552 61.661779 60.887611 60.125788 59.349611 58.620483 57.777778 57.222222 56.666667 56.776518 56.556073 56.259116 56.018002 56.041483 56.05771 56.116031 56.183349 56.268428 56.366016 56.475648 56.592337 56.711018 56.829037 56.945336 57.059434 57.170657 57.277771 57.378905 57.471688 57.553508 57.621779 57.674154 57.708649 57.723698 57.71815 57.691242 57.642539 57.571882 57.479327 57.365096 57.229539 57.073095 56.896263 56.699585 56.48363 56.248985 55.996244 55.726006 55.438865
71.201516 70.364374 69.517295 68.668211 67.823769 66.987403 66.159653 65.339194 64.523348 63.709312 62.894588 62.085371 61.296034 60.496251 59.751343 58.888889 58.333333 57.777778 57.922601 57.784265 57.72224 57.583101 57.41239 57.276967 57.236991 57.235212 57.264877 57.313659 57.3788 57.456837 57.545215 57.640466 57.739148 57.838752 57.937633 58.034587 58.128432 58.217754 58.30082 58.37562 58.440006 58.491849 58.529173 58.550255 58.553677 58.538344 58.503463 58.448521 58.373245 58.277556 58.161539 58.025402 57.869449 57.694056 57.499649 57.286693 57.055676 56.807103 56.541489 56.259347
71.130227 70.245907 69.350541 68.456676 67.574976 66.709092 65.857912 65.018445 64.185067 63.352687 62.508034 61.661315 60.890729 60 59.444444 58.888889 59.021017 58.888471 58.856159 58.775547 58.695069 58.591706 58.480379 58.390487 58.34431 58.331272 58.34461 58.377608 58.42627 58.487312 58.557905 58.635167 58.716356 58.799189 58.881857 58.962844 59.04072 59.113983 59.180987 59.239954 59.28904 59.32643 59.350422 59.359508 59.352402 59.328074 59.285738 59.224836 59.14502 59.046117 58.928106 58.791085 58.635249 58.460866 58.268264 58.057814 57.829918 57.584997 57.32349 57.045835
71.030236 70.08848 69.132283 68.182973 67.260366 66.366072 65.494453 64.641597 63.795792 62.958345 62.073542 61.111111 60.555556 60 60.102826 59.960334 59.923397 59.848929 59.788016 59.716696 59.640797 59.558283 59.47694 59.410299 59.368496 59.35097 59.354691 59.375897 59.411363 59.458238 59.513926 59.575931 59.641915 59.709794 59.777765 59.844215 59.907625 59.966475 60.019196 60.06417 60.099768 60.124404 60.136582 60.134955 60.118358 60.085824 60.036588 59.970077 59.885895 59.783803 59.663699 59.525597 59.369606 59.195905 59.004736 58.79639 58.571188 58.329482 58.071637 57.798026
70.909332 69.895499 68.857145 67.832566 66.867442 65.950376 65.062238 64.2077 63.348153 62.561347 61.666667 61.111111 61.157007 61.003878 60.956551 60.876211 60.813308 60.745827 60.680288 60.612434 60.543144 60.473696 60.408802 60.355275 60.318408 60.299424 60.297285 60.309925 60.335045 60.370354 60.413631 60.462723 60.515583 60.570316 60.625197 60.678627 60.729087 60.775089 60.815145 60.847763 60.871467 60.884838 60.886547 60.875374 60.850256 60.810284 60.754724 60.683 60.594691 60.489511 60.367303 60.228013 60.07168 59.898414 59.708385 59.501814 59.278957 59.040098 58.785542 58.515601
70.782356 69.677039 68.518238 67.372707 66.376462 65.455756 64.546425 63.728809 62.777778 62.222222 61.666667 61.865502 61.907514 61.851949 61.793273 61.724654 61.657803 61.59079 61.524885 61.459614 61.395658 61.334564 61.279301 61.233599 61.200448 61.18104 61.175108 61.181479 61.198542 61.224507 61.257521 61.295742 61.337369 61.380685 61.424074 61.466004 61.505007 61.539649 61.568526 61.590257 61.603493 61.606939 61.599392 61.579741 61.547005 61.500337 61.43903 61.362517 61.270364 61.162258 61.038 60.897486 60.740701 60.567697 60.378588 60.173536 59.95274 59.716429 59.464849 59.19826
70.677185 69.462063 68.116063 66.71357 65.759947 64.899758 63.888889 63.333333 62.777778 62.878888 62.736158 62.726749 62.705578 62.653123 62.589944 62.521337 62.45246 62.38465 62.318848 62.255486 62.195317 62.13961 62.09025 62.049383 62.01875 61.999189 61.990634 61.992343 62.003139 62.021609 62.046213 62.075364 62.107474 62.140992 62.17442 62.206316 62.235286 62.259976 62.279061 62.291253 62.29531 62.290045 62.274349 62.247204 62.207701 62.155045 62.088561 62.007695 61.91201 61.801177 61.67497 61.533249 61.375954 61.203096 61.014741 60.811004 60.592037 60.35802 60.109154 59.845653
70.641228 69.327967 67.720385 65.555556 65 64.444444 63.888889 63.991229 63.812084 63.729431 63.622313 63.549739 63.484926 63.415029 63.342039 63.268289 63.196053 63.126507 63.060375 62.99817 62.940518 62.888309 62.842703 62.804935 62.775986 62.756336 62.745904 62.744124 62.750069 62.762584 62.780364 62.802031 62.826173 62.851388 62.876297 62.899554 62.919848 62.935905 62.946485 62.950383 62.946446 62.933579 62.910754 62.877031 62.831559 62.773592 62.702487 62.617706 62.518816 62.405483 62.277463 62.134591 61.976777 61.803996 61.61628 61.413706 61.196387 60.964462 60.718095 60.457461
