notebooks/grid_data/fine_topo.asc
NCOLS 180
NROWS 100
XLLCENTER 500.
YLLCENTER 500.
CELLSIZE 1000.
NODATA_VALUE 1.e30
[rows 0 to 26 of 100, columns 0 to 59 of 180]
1e+30 1e+30 1e+30 1e+30 1e+30 1e+30 1e+30 1e+30 1e+30 1e+30 1e+30 1e+30 1e+30 1e+30 1e+30 1e+30 1e+30 1e+30 1e+30 1e+30 1e+30 1e+30 1e+30 1e+30 1e+30 1e+30 1e+30 1e+30 1e+30 1e+30 1e+30 1e+30 1e+30 1e+30 1e+30 1e+30 1e+30 1e+30 1e+30 1e+30 1e+30 1e+30 1e+30 1e+30 1e+30 1e+30 1e+30 1e+30 1e+30 1e+30 1e+30 1e+30 1e+30 1e+30 1e+30 1e+30 1e+30 1e+30 1e+30 1e+30
1e+30 1e+30 1e+30 1e+30 1e+30 1e+30 1e+30 1e+30 1e+30 1e+30 1e+30 1e+30 1e+30 1e+30 1e+30 1e+30 1e+30 1e+30 1e+30 1e+30 1e+30 1e+30 1e+30 1e+30 1e+30 1e+30 1e+30 1e+30 1e+30 1e+30 1e+30 1e+30 1e+30 1e+30 1e+30 1e+30 1e+30 1e+30 1e+30 1e+30 1e+30 1e+30 1e+30 1e+30 1e+30 1e+30 1e+30 1e+30 1e+30 1e+30 1e+30 1e+30 1e+30 1e+30 1e+30 1e+30 1e+30 1e+30 1e+30 1e+30
1e+30 1e+30 1e+30 1e+30 1e+30 1e+30 1e+30 1e+30 1e+30 1e+30 1e+30 1e+30 1e+30 1e+30 1e+30 1e+30 1e+30 1e+30 1e+30 1e+30 1e+30 1e+30 1e+30 1e+30 1e+30 1e+30 1e+30 1e+30 1e+30 1e+30 1e+30 1e+30 1e+30 1e+30 1e+30 1e+30 1e+30 1e+30 1e+30 1e+30 1e+30 1e+30 1e+30 1e+30 1e+30 1e+30 1e+30 1e+30 1e+30 1e+30 95.065443 94.853173 94.550427 94.198436 93.814008 93.406009 92.981098 92.546814 92.115447 91.713149
1e+30 1e+30 1e+30 1e+30 1e+30 1e+30 1e+30 1e+30 1e+30 1e+30 1e+30 1e+30 1e+30 1e+30 1e+30 1e+30 1e+30 1e+30 1e+30 1e+30 1e+30 1e+30 1e+30 1e+30 1e+30 1e+30 1e+30 1e+30 1e+30 1e+30 1e+30 1e+30 1e+30 1e+30 1e+30 1e+30 1e+30 1e+30 1e+30 1e+30 1e+30 1e+30 1e+30 97.339957 97.179704 96.946294 96.668753 96.357769 96.016706 95.643686 95.227714 94.893547 94.549653 94.180876 93.78758 93.372921 92.940468 92.493901 92.036383 91.566013
1e+30 1e+30 1e+30 1e+30 1e+30 1e+30 1e+30 1e+30 1e+30 1e+30 1e+30 1e+30 1e+30 1e+30 1e+30 1e+30 1e+30 1e+30 1e+30 1e+30 1e+30 1e+30 1e+30 1e+30 1e+30 1e+30 1e+30 1e+30 1e+30 1e+30 1e+30 1e+30 1e+30 1e+30 1e+30 1e+30 1e+30 98.713403 98.605256 98.441598 98.240637 98.009017 97.747595 97.45021 97.202765 96.940399 96.652192 96.337839 95.998661 95.636653 95.258264 94.893657 94.523741 94.137823 93.732524 93.307636 92.863945 92.401942 91.920189 91.411786
1e+30 1e+30 1e+30 1e+30 1e+30 1e+30 1e+30 1e+30 1e+30 1e+30 1e+30 1e+30 1e+30 1e+30 1e+30 1e+30 1e+30 1e+30 1e+30 1e+30 1e+30 1e+30 1e+30 1e+30 1e+30 1e+30 1e+30 1e+30 1e+30 1e+30 1e+30 1e+30 1e+30 1e+30 99.171338 99.08339 98.946519 98.77155 98.610694 98.428885 98.221292 97.988826 97.733584 97.460619 97.190758 96.910337 96.611763 96.292704 95.953389 95.595901 95.225023 94.849084 94.463822 94.064143 93.64705 93.211155 92.755729 92.279711 91.780631 91.253304
1e+30 1e+30 1e+30 1e+30 1e+30 1e+30 1e+30 1e+30 1e+30 1e+30 1e+30 1e+30 1e+30 1e+30 1e+30 1e+30 1e+30 1e+30 1e+30 1e+30 1e+30 1e+30 1e+30 1e+30 1e+30 1e+30 1e+30 1e+30 1e+30 1e+30 1e+30 99.499209 99.439276 99.340194 99.209286 99.082306 98.934631 98.765623 98.587085 98.391943 98.176791 97.941354 97.687213 97.417913 97.139303 96.848416 96.541821 96.217825 95.876306 95.518505 95.146815 94.763815 94.368318 93.95788 93.530367 93.084212 92.618109 92.13054 91.619282 91.081184
1e+30 1e+30 1e+30 1e+30 1e+30 1e+30 1e+30 1e+30 1e+30 1e+30 1e+30 1e+30 1e+30 1e+30 1e+30 1e+30 1e+30 1e+30 1e+30 1e+30 1e+30 1e+30 1e+30 1e+30 1e+30 1e+30 1e+30 1e+30 1e+30 1e+30 99.566132 99.509142 99.428642 99.322047 99.193235 99.051855 98.89401 98.719218 98.530077 98.325011 98.10259 97.862603 97.605976 97.334505 97.050122 96.752182 96.439272 96.110439 95.765501 95.404993 95.029906 94.641015 94.237742 93.818696 93.382329 92.927212 92.451957 91.95506 91.434767 90.889152
1e+30 1e+30 1e+30 1e+30 1e+30 1e+30 1e+30 1e+30 1e+30 1e+30 1e+30 1e+30 1e+30 1e+30 1e+30 1e+30 1e+30 1e+30 1e+30 1e+30 1e+30 1e+30 1e+30 1e+30 1e+30 1e+30 1e+30 1e+30 99.689016 99.644617 99.573123 99.492213 99.394027 99.276131 99.13976 98.987865 98.820312 98.637145 98.438977 98.225416 97.995947 97.750505 97.489575 97.213999 96.924495 96.62091 96.302639 95.969145 95.620243 95.256044 94.876807 94.482601 94.072926 93.646811 93.203036 92.740335 92.257431 91.752976 91.22556 90.673884
1e+30 1e+30 1e+30 1e+30 1e+30 1e+30 1e+30 1e+30 1e+30 1e+30 1e+30 1e+30 1e+30 1e+30 1e+30 1e+30 1e+30 1e+30 1e+30 1e+30 1e+30 1e+30 1e+30 1e+30 1e+30 1e+30 1e+30 99.723403 99.683415 99.621763 99.539807 99.442543 99.329074 99.198669 99.0518 98.88953 98.712221 98.520065 98.313265 98.091723 97.855269 97.603895 97.337825 97.057419 96.762943 96.454314 96.131216 95.793279 95.440278 95.072101 94.688645 94.289654 93.874563 93.442568 92.992644 92.523669 92.034461 91.523837 90.990621 90.433765
1e+30 1e+30 1e+30 1e+30 1e+30 1e+30 1e+30 1e+30 1e+30 1e+30 1e+30 1e+30 1e+30 1e+30 1e+30 1e+30 1e+30 1e+30 1e+30 1e+30 1e+30 1e+30 1e+30 1e+30 1e+30 99.799567 99.765525 99.71339 99.649416 99.56906 99.471833 99.359095 99.231042 99.087655 98.929224 98.756229 98.568972 98.367628 98.152295 97.922945 97.679508 97.421972 97.150409 96.864921 96.565552 96.25219 95.924599 95.582474 95.225514 94.853453 94.466004 94.062768 93.643122 93.206273 92.751306 92.277207 91.78289 91.267272 90.729298 90.168013
1e+30 1e+30 1e+30 1e+30 1e+30 1e+30 1e+30 1e+30 1e+30 1e+30 1e+30 1e+30 1e+30 1e+30 1e+30 1e+30 1e+30 1e+30 1e+30 1e+30 1e+30 1e+30 1e+30 1e+30 99.811702 99.783609 99.73354 99.665284 99.581863 99.483185 99.36936 99.240967 99.098341 98.941677 98.771204 98.587185 98.389809 98.179183 97.955344 97.718258 97.467858 97.204085 96.926914 96.636303 96.332162 96.014313 95.68251 95.336462 94.975821 94.600209 94.209193 93.802273 93.378836 92.938076 92.479103 92.000962 91.502632 90.983065 90.441267 89.876305
1e+30 1e+30 1e+30 1e+30 1e+30 1e+30 1e+30 1e+30 1e+30 1e+30 1e+30 1e+30 1e+30 1e+30 1e+30 1e+30 1e+30 1e+30 1e+30 1e+30 1e+30 1e+30 1e+30 99.817237 99.789795 99.739752 99.669728 99.582329 99.479598 99.362451 99.231442 99.087066 98.929677 98.759505 98.57673 98.381498 98.173897 97.953955 97.721645 97.476894 97.219593 96.949621 96.666868 96.371207 96.062466 95.740401 95.404714 95.055069 94.691081 94.31232 93.918282 93.508354 93.081879 92.638083 92.176078 91.694905 91.193582 90.671088 90.126413 89.558591
1e+30 1e+30 1e+30 1e+30 1e+30 1e+30 1e+30 1e+30 1e+30 1e+30 1e+30 1e+30 1e+30 1e+30 1e+30 1e+30 1e+30 1e+30 1e+30 1e+30 1e+30 1e+30 99.826166 99.794679 99.74049 99.665941 99.573316 99.464703 99.34176 99.205581 99.056885 98.896177 98.723792 98.539932 98.344711 98.138182 97.920335 97.691108 97.450403 97.198087 96.934 96.657956 96.369768 96.069225 95.756099 95.430092 95.090868 94.738031 94.371152 93.98973 93.593216 93.180972 92.752264 92.306297 91.842195 91.358997 90.855702 90.331287 89.784705 89.214931
1e+30 1e+30 1e+30 1e+30 1e+30 1e+30 1e+30 1e+30 1e+30 1e+30 1e+30 1e+30 1e+30 1e+30 1e+30 1e+30 1e+30 1e+30 1e+30 1e+30 1e+30 99.848207 99.807654 99.744691 99.661485 99.560206 99.442908 99.311406 99.167159 99.011228 98.844338 98.666963 98.479379 98.281718 98.074003 97.856186 97.628157 97.389757 97.140799 96.881077 96.610372 96.328439 96.035028 95.729859 95.412633 95.083017 94.740638 94.385043 94.015757 93.632249 93.233904 92.820045 92.389911 91.94267 91.477418 90.993188 90.488944 89.963633 89.416172 88.84546
1e+30 1e+30 1e+30 1e+30 1e+30 1e+30 1e+30 1e+30 1e+30 1e+30 1e+30 1e+30 1e+30 1e+30 1e+30 1e+30 1e+30 1e+30 1e+30 1e+30 99.893175 99.838759 99.761824 99.665014 99.550549 99.420486 99.27671 99.120859 98.954245 98.777833 98.592273 98.39795 98.19504 97.983558 97.763408 97.534412 97.296352 97.048966 96.791973 96.52508 96.248 95.960432 95.662062 95.352566 95.031588 94.698745 94.353625 93.995764 93.624623 93.239618 92.840116 92.425396 91.994665 91.547059 91.081632 90.597389 90.093265 89.568151 89.020901 88.450338
1e+30 1e+30 1e+30 1e+30 1e+30 1e+30 1e+30 1e+30 1e+30 1e+30 1e+30 1e+30 1e+30 1e+30 1e+30 1e+30 1e+30 1e+30 1e+30 99.971725 99.897591 99.801516 99.685854 99.553021 99.405224 99.244482 99.072593 98.891078 98.701128 98.503585 98.298969 98.087523 97.86927 97.644066 97.411657 97.171714 96.923882 96.667788 96.403054 96.129296 95.846142 95.553242 95.250239 94.936761 94.612414 94.276781 93.929394 93.56976 93.197339 92.811496 92.411556 91.996767 91.566307 91.119271 90.654677 90.171481 89.668576 89.144797 88.59893 88.029714
1e+30 1e+30 1e+30 1e+30 1e+30 1e+30 1e+30 1e+30 1e+30 1e+30 1e+30 1e+30 1e+30 1e+30 1e+30 1e+30 1e+30 1e+30 100.09632 99.995858 99.874139 99.733805 99.577022 99.405984 99.222848 99.029629 98.828105 98.619734 98.405601 98.186407 97.962494 97.733906 97.500451 97.261777 97.017436 96.766916 96.509696 96.245269 95.973155 95.692891 95.404042 95.106187 94.798925 94.481852 94.154549 93.816564 93.467423 93.106589 92.733492 92.34749 91.947866 91.533826 91.104526 90.659027 90.196307 89.715278 89.214772 88.693552 88.150327 87.583751
1e+30 1e+30 1e+30 1e+30 1e+30 1e+30 1e+30 1e+30 1e+30 1e+30 1e+30 1e+30 1e+30 1e+30 1e+30 1e+30 1e+30 100.28449 100.14678 99.991218 99.819377 99.632557 99.432432 99.221038 99.000554 98.773082 98.540465 98.304152 98.065136 97.823947 97.580697 97.335158 97.086855 96.835165 96.579391 96.31881 96.052718 95.780454 95.501429 95.215097 94.920959 94.618557 94.307447 93.987195 93.657383 93.317536 92.967157 92.605702 92.232569 91.847105 91.448579 91.036162 90.608969 90.166029 89.706276 89.228565 88.731677 88.214304 87.67507 87.112536
1e+30 1e+30 1e+30 1e+30 1e+30 1e+30 1e+30 1e+30 1e+30 1e+30 1e+30 1e+30 1e+30 1e+30 1e+30 100.74448 100.59948 100.37219 100.16488 99.952752 99.729579 99.494614 99.249108 98.995176 98.735244 98.471681 98.20652 97.941274 97.676846 97.41355 97.151186 96.889167 96.626648 96.362651 96.096169 95.826221 95.551904 95.272406 94.987009 94.695104 94.396141 94.089628 93.775105 93.452134 93.120268 92.779051 92.427978 92.066496 91.693993 91.309801 90.913172 90.503273 90.079172 89.639855 89.184213 88.711049 88.219074 87.706916 87.173115 86.616134
1e+30 1e+30 1e+30 1e+30 1e+30 1e+30 1e+30 1e+30 1e+30 1e+30 1e+30 1e+30 1e+30 1e+30 101.0226 100.83948 100.63207 100.39011 100.13782 99.875292 99.601549 99.317204 99.024208 98.72531 98.423561 98.121875 97.822662 97.527577 97.237428 96.952226 96.671336 96.393676 96.117912 95.842619 95.566411 95.288005 95.00627 94.720239 94.429097 94.132163 93.828866 93.518707 93.201218 92.875965 92.542522 92.200429 91.849204 91.488304 91.117114 90.734954 90.341061 89.934589 89.514586 89.079998 88.629669 88.162346 87.676668 87.171182 86.644344 86.094518
1e+30 1e+30 1e+30 1e+30 1e+30 1e+30 1e+30 1e+30 1e+30 1e+30 1e+30 1e+30 101.58164 101.42256 101.15573 100.90827 100.64902 100.36838 100.07099 99.759045 99.434108 99.098433 98.755204 98.408292 98.061815 97.719599 97.384675 97.058941 96.74306 96.436591 96.138261 95.846296 95.558704 95.273496 94.988837 94.703103 94.414928 94.123192 93.826987 93.525605 93.218473 92.905105 92.585081 92.257985 91.923421 91.580958 91.230125 90.870404 90.501202 90.121833 89.731534 89.329442 88.914586 88.485878 88.04212 87.581998 87.104074 86.606807 86.088565 85.547613
1e+30 1e+30 1e+30 1e+30 1e+30 1e+30 1e+30 1e+30 1e+30 1e+30 1e+30 101.86756 101.69073 101.48031 101.2198 100.93889 100.63733 100.31334 99.968709 99.605789 99.2274 98.837209 98.439875 98.040838 97.645807 97.260027 96.887497 96.530454 96.18928 95.862808 95.548813 95.24454 94.947115 94.653835 94.362334 94.070633 93.777133 93.480594 93.180055 92.874807 92.564318 92.24817 91.925998 91.597459 91.262199 90.919833 90.569927 90.211985 89.845439 89.469632 89.083797 88.687065 88.278446 87.856822 87.420945 86.969441 86.500801 86.013396 85.505484 84.975232
1e+30 1e+30 1e+30 1e+30 1e+30 1e+30 1e+30 1e+30 1e+30 1e+30 102.17559 101.9944 101.78344 101.53799 101.25433 100.94017 100.59804 100.22895 99.834705 99.417995 98.982487 98.533123 98.076243 97.61937 97.170544 96.737196 96.324826 95.936098 95.570807 95.226552 94.899643 94.585926 94.281368 93.982392 93.686039 93.389952 93.092357 92.791951 92.487791 92.179233 91.865827 91.54727 91.223298 90.893657 90.558075 90.216231 89.867741 89.512155 89.148932 88.777444 88.396945 88.006568 87.605309 87.192016 86.765397 86.324017 85.866283 85.390472 84.894736 84.377122
1e+30 1e+30 1e+30 1e+30 1e+30 1e+30 1e+30 1e+30 1e+30 102.48205 102.30678 102.10081 101.86062 101.58383 101.26935 100.91941 100.53573 100.11969 99.673162 99.19899 98.701423 98.186547 97.662597 97.139852 96.629804 96.14338 95.688504 95.268295 94.881297 94.522959 94.187293 93.868155 93.560024 93.258317 92.959463 92.660793 92.360412 92.057051 91.749906 91.438473 91.122482 90.801779 90.476264 90.145805 89.81022 89.46927 89.122648 88.769953 88.410693 88.044272 87.669978 87.286956 86.894197 86.490529 86.074613 85.644937 85.199829 84.737453 84.255844 83.752918
1e+30 1e+30 1e+30 1e+30 1e+30 1e+30 1e+30 1e+30 102.7568 102.60733 102.41902 102.19146 101.92444 101.61735 101.2698 100.88237 100.45579 99.990925 99.489256 98.953376 98.387662 97.799038 97.197737 96.597627 96.015439 95.468016 94.967518 94.517274 94.113114 93.746683 93.408408 93.089393 92.782259 92.481384 92.182686 91.883334 91.581465 91.275973 90.966304 90.652258 90.333822 90.011089 89.684158 89.35306 89.017721 88.677987 88.333624 87.984304 87.629601 87.268969 86.901735 86.527076 86.143992 85.751289 85.347584 84.931294 84.500639 84.053665 83.588263 83.102208
1e+30 1e+30 1e+30 1e+30 1e+30 1e+30 1e+30 1e+30 102.85628 102.72107 102.5205 102.27159 101.97835 101.64132 101.26014 100.83449 100.36411 99.848963 99.28956 98.687596 98.046803 97.374202 96.68168 95.98747 95.3163 94.695717 94.146279 93.670169 93.257196 92.892237 92.560247 92.248719 91.948245 91.652293 91.356555 91.058354 90.756109 90.449074 90.1371 89.82042 89.499437 89.174573 88.846193 88.514518 88.179587 87.841322 87.499553 87.154037 86.804429 86.45026 86.090917 85.725624 85.353399 84.973043 84.583131 84.181999 83.767749 83.338281 82.891318 82.424459
