notebooks/grid_data/fine_topo.asc
NCOLS 180
NROWS 100
XLLCENTER 500.
YLLCENTER 500.
CELLSIZE 1000.
NODATA_VALUE 1.e30
[rows 54 to 80 of 100, columns 0 to 59 of 180]
105.95867 105.93413 105.87336 105.77399 105.63611 105.46008 105.24627 104.99508 104.70693 104.38226 104.02158 103.62542 103.19444 102.72939 102.23108 101.70045 101.13857 100.54665 99.926044 99.278268 98.60498 97.907994 97.189261 96.450848 95.694895 94.923575 94.13907 93.343518 92.538965 91.727354 90.910481 90.090003 89.267456 88.444258 87.621725 86.801084 85.983453 85.169845 84.361135 83.558027 82.761016 81.970413 81.186398 80.409021 79.638277 78.874134 78.116582 77.365529 76.620891 75.88245 75.149609 74.421887 73.699203 72.981695 72.268906 71.560645 70.858054 70.162988 69.474652 68.790676
105.93322 105.89911 105.8293 105.72281 105.57923 105.39846 105.1805 104.92554 104.63386 104.30585 103.94194 103.54266 103.10856 102.64034 102.1388 101.6048 101.03934 100.44359 99.818839 99.16655 98.488355 97.786044 97.061577 96.31704 95.554604 94.776501 93.984964 93.182176 92.370214 91.551041 90.726468 89.898145 89.067595 88.236249 87.405475 86.576597 85.750876 84.929495 84.113501 83.303737 82.50079 81.704998 80.916533 80.135426 79.361638 78.59521 77.836239 77.084753 76.34092 75.604746 74.875212 74.151331 73.433428 72.722723 72.017854 71.317483 70.624091 69.944451 69.276449 68.615323
105.89179 105.84984 105.77191 105.65872 105.5096 105.32401 105.10173 104.84272 104.54717 104.21536 103.84771 103.44468 103.00679 102.53466 102.02898 101.49059 100.92042 100.31953 99.689169 99.030741 98.345848 97.63627 96.903987 96.151141 95.379989 94.592861 93.792101 92.979985 92.158665 91.330136 90.496205 89.658507 88.818528 87.97768 87.137355 86.298971 85.463965 84.633752 83.809636 82.992635 82.183402 81.382255 80.589293 79.804486 79.02764 78.258837 77.498402 76.746306 76.003287 75.27038 74.545129 73.824762 73.110474 72.407947 71.712256 71.017332 70.326368 69.664289 69.021348 68.387719
105.84227 105.7866 105.69977 105.58053 105.42646 105.23633 105.00968 104.74644 104.44671 104.11073 103.73889 103.33158 102.88927 102.41249 101.90189 101.35818 100.78221 100.17496 99.537572 98.8714 98.178013 97.459194 96.716963 95.953544 95.171342 94.372856 93.560598 92.736999 91.904332 91.064647 90.219734 89.371159 88.520332 87.668596 86.817312 85.967978 85.122268 84.28194 83.448665 82.623752 81.807936 81.001335 80.203912 79.415548 78.63557 77.8641 77.102178 76.348771 75.605527 74.878354 74.160135 73.44213 72.725748 72.036355 71.355896 70.663206 69.949753 69.314974 68.706969 68.108204
105.79841 105.70455 105.61011 105.48714 105.32934 105.13518 104.90426 104.63664 104.33248 103.99201 103.61555 103.20347 102.7562 102.27417 101.75791 101.20804 100.62528 100.0105 99.364743 98.689273 97.985608 97.255528 96.501117 95.724737 94.92899 94.116631 93.290433 92.453077 91.607021 90.754384 89.896931 89.036091 88.173082 87.309064 86.44531 85.583377 84.725205 83.873092 83.029353 82.19578 81.373259 80.561258 79.759483 78.968202 78.184964 77.409794 76.64741 75.891065 75.14171 74.427367 73.72492 73.007839 72.264029 71.605828 70.961789 70.279853 69.444444 68.888889 68.333333 67.777778
1e+30 105.57304 105.49901 105.3786 105.21862 105.02076 104.78557 104.5134 104.20454 103.85926 103.47783 103.0606 102.60789 102.12006 101.59754 101.04078 100.45038 99.82703 99.171636 98.485345 97.769603 97.026178 96.257225 95.46529 94.65325 93.824238 92.981428 92.12787 91.266295 90.398948 89.527517 88.653191 87.776848 86.899293 86.021512 85.145009 84.27208 83.405906 82.549912 81.706767 80.878046 80.060946 79.25459 78.462817 77.676292 76.892734 76.136621 75.376362 74.59286 73.914479 73.254363 72.550277 71.666667 71.111111 70.555556 70 69.444444 69.226944 68.795971 68.294546
1e+30 105.46556 105.3843 105.25961 105.09578 104.89365 104.65386 104.37687 104.06304 103.71265 103.32594 102.9032 102.44469 101.95067 101.42139 100.85718 100.2584 99.625579 98.959416 98.260873 97.53127 96.772345 95.986318 95.17595 94.344503 93.495637 92.633149 91.760674 90.881356 89.997612 89.110996 88.222299 87.331835 86.439762 85.546459 84.653082 83.762212 82.878539 82.007638 81.15334 80.321216 79.499883 78.685153 77.902195 77.114642 76.298225 75.579942 74.834918 73.888889 73.333333 72.777778 72.222222 71.666667 71.482319 71.074049 70.600863 70.127584 69.728526 69.279039 68.787099
1e+30 105.38932 105.26307 105.12979 104.96123 104.75423 104.50934 104.2272 103.90812 103.55234 103.16009 102.73159 102.26701 101.76652 101.23019 100.65813 100.05047 99.407463 98.729555 98.017458 97.272269 96.495606 95.689737 94.857669 94.003177 93.130664 92.244857 91.35032 90.450865 89.549162 88.64655 87.743172 86.838439 85.931473 85.021512 84.108656 83.195146 82.288388 81.39875 80.527763 79.70366 78.88222 78.033942 77.29617 76.531868 75.555556 75 74.444444 73.888889 73.714855 73.318086 72.857317 72.399848 72.02751 71.607435 71.151817 70.686508 70.23052 69.75456 69.254116
1e+30 1e+30 105.09886 104.9853 104.8151 104.60268 104.35209 104.06445 103.73992 103.37854 102.98049 102.54603 102.07527 101.56821 101.02474 100.44468 99.827875 99.17425 98.483876 97.757111 96.994721 96.198066 95.369353 94.511816 93.629866 92.728981 91.815302 90.894867 89.972603 89.051622 88.132894 87.215421 86.297266 85.376178 84.449453 83.514895 82.571336 81.631146 80.721194 79.805322 79.033436 78.241417 77.222222 76.666667 76.111111 75.555556 75.40391 75.030748 74.613821 74.269178 73.872378 73.439099 72.997889 72.570417 72.126365 71.662466 71.186107 70.70249 70.20456 69.68979
1e+30 1e+30 104.99819 104.84749 104.66122 104.43929 104.1819 103.88859 103.55858 103.19141 102.78734 102.34678 101.86983 101.35632 100.80586 100.21796 99.592098 98.927774 98.224597 97.482401 96.701429 95.882578 95.027779 94.140372 93.225478 92.290074 91.342509 90.391241 89.443068 88.501821 87.567962 86.63837 85.709033 84.776491 83.835181 82.880115 81.894171 80.893725 79.999565 78.888889 78.333333 77.777778 77.222222 77.073413 76.707604 76.302513 75.979406 75.610782 75.216463 74.825638 74.413142 73.978812 73.532176 73.079893 72.615124 72.135565 71.642956 71.138764 70.621389 70.090148
1e+30 1e+30 1e+30 104.69526 104.49303 104.26136 103.99765 103.69946 103.36438 102.99116 102.58071 102.13394 101.65098 101.1314 100.57443 99.979204 99.344781 98.670154 97.954332 97.19646 96.395997 95.553033 94.668806 93.746411 92.791602 91.813323 90.823409 89.834524 88.856621 87.89462 86.948732 86.011042 85.073991 84.135573 83.184693 82.22625 81.181501 80 79.444444 78.888889 78.717921 78.354818 77.958603 77.647234 77.293353 76.91748 76.55039 76.166515 75.765599 75.353754 74.925717 74.480824 74.022104 73.551852 73.06868 72.571724 72.061394 71.538226 71.002089 70.453165
1e+30 1e+30 1e+30 1e+30 104.30425 104.06548 103.79791 103.4972 103.15834 102.77815 102.3604 101.90728 101.41879 100.89386 100.33125 99.729661 99.087665 98.40371 97.676109 96.903114 96.083065 95.214734 94.297991 93.334873 92.331183 91.298191 90.253271 89.216807 88.204253 87.221299 86.271304 85.333051 84.390318 83.457126 82.491793 81.608679 80.555556 80 79.836567 79.521623 79.244723 78.914943 78.560131 78.213531 77.851088 77.473639 77.088142 76.689283 76.275657 75.848057 75.405157 74.946665 74.47356 73.986724 73.486005 72.971239 72.442655 71.900646 71.345561 70.777966
1e+30 1e+30 1e+30 1e+30 1e+30 103.84839 103.58131 103.28312 102.94363 102.55273 102.12546 101.66601 101.17302 100.64401 100.07706 99.470512 98.82251 98.13092 97.393289 96.606817 95.768396 94.87484 93.923543 92.913904 91.850043 90.744983 89.624669 88.525168 87.472279 86.464996 85.532167 84.609547 83.647105 82.76078 81.666667 81.111111 80.555556 80.506885 80.330282 80.066279 79.774371 79.450097 79.103437 78.745673 78.373834 77.987862 77.589273 77.176828 76.749692 76.307643 75.850161 75.377089 74.888734 74.385453 73.867358 73.334557 72.787339 72.226146 71.651542 71.0643
1e+30 1e+30 1e+30 1e+30 1e+30 1e+30 103.34582 103.06033 102.73035 102.31368 101.8727 101.40827 100.91329 100.38209 99.812481 99.202824 98.55094 97.854167 97.109308 96.312472 95.458852 94.54267 93.557418 92.497144 91.360106 90.157018 88.925217 87.736914 86.644723 85.584237 84.73279 83.875868 82.777778 82.222222 81.666667 81.573569 81.295077 81.091784 80.861355 80.588846 80.286403 79.957661 79.607856 79.241921 78.860724 78.464687 78.054243 77.629047 77.188631 76.732642 76.26075 75.772794 75.268829 74.748988 74.213406 73.662293 73.096004 72.515057 71.920162 71.312243
1e+30 1e+30 1e+30 1e+30 1e+30 1e+30 1e+30 102.83205 102.55378 102.04894 101.59341 101.13111 100.63979 100.10859 99.537955 98.927356 98.274258 97.575507 96.827306 96.024881 95.161864 94.229572 93.216298 92.107123 90.886191 89.547745 88.132284 86.802554 85.735431 84.444444 83.888889 83.333333 82.777778 82.691856 82.402081 82.171508 81.909365 81.653799 81.384512 81.09137 80.774774 80.436292 80.078395 79.703426 79.312442 78.905897 78.483969 78.046486 77.593124 77.123534 76.637402 76.134521 75.614804 75.078259 74.524986 73.955209 73.36932 72.76791 72.151803 71.522069
1e+30 1e+30 1e+30 1e+30 1e+30 1e+30 1e+30 1e+30 1e+30 101.68491 101.27088 100.83295 100.35619 99.824529 99.253396 98.644378 97.993242 97.296301 96.549517 95.747881 94.884151 93.947448 92.921063 91.77884 90.479773 88.965477 87.203611 85.555556 85 84.444444 84.317056 83.965752 83.584075 83.315432 83.028284 82.750989 82.467087 82.179558 81.881547 81.567353 81.235012 80.884332 80.516012 80.130955 79.729709 79.312484 78.879258 78.429821 77.963849 77.480965 76.980809 76.463087 75.927602 75.374254 74.803068 74.214235 73.60815 72.985452 72.347067 71.694223
1e+30 1e+30 1e+30 1e+30 1e+30 1e+30 1e+30 1e+30 1e+30 1e+30 100.92226 100.52365 100.07748 99.529943 98.956712 98.353529 97.708031 97.016935 96.276577 95.482972 94.629391 93.704999 92.69166 91.557395 90.238586 88.580771 86.111111 85.555556 85.529495 85.209727 84.919233 84.578534 84.227327 83.907482 83.594639 83.28711 82.97846 82.665796 82.344768 82.011479 81.66359 81.300004 80.920376 80.524698 80.11297 79.685071 79.240769 78.779717 78.301501 77.805674 77.29178 76.759416 76.208258 75.638081 75.048799 74.440516 73.81359 73.168674 72.506781 71.829313
1e+30 1e+30 1e+30 1e+30 1e+30 1e+30 1e+30 1e+30 1e+30 1e+30 1e+30 100.21189 99.850139 99.211049 98.63999 98.054996 97.418417 96.736824 96.006887 95.228027 94.395434 93.501484 92.53316 91.470489 90.286402 88.957892 87.553093 86.755072 86.302795 85.895713 85.521564 85.151831 84.7892 84.442537 84.105686 83.774365 83.443865 83.110399 82.770261 82.420219 82.057893 81.68174 81.290816 80.884521 80.462417 80.024075 79.569033 79.096787 78.606782 78.098448 77.571214 77.024534 76.457927 75.871004 75.263521 74.635443 73.98702 73.318868 72.632058 71.92818
1e+30 1e+30 1e+30 1e+30 1e+30 1e+30 1e+30 1e+30 1e+30 1e+30 1e+30 1e+30 1e+30 98.774126 98.287207 97.758042 97.123813 96.455056 95.736124 94.976829 94.172839 93.322325 92.419001 91.455002 90.428633 89.361287 88.338302 87.558858 86.980878 86.498737 86.069489 85.668029 85.285125 84.917791 84.561199 84.2108 83.862246 83.511694 83.155695 82.79127 82.416051 82.028265 81.626626 81.210166 80.778114 80.329785 79.864509 79.381609 78.880389 78.360129 77.820098 77.259588 76.677918 76.07449 75.44884 74.800716 74.130177 73.437717 72.724396 71.991976
1e+30 1e+30 1e+30 1e+30 1e+30 1e+30 1e+30 1e+30 1e+30 1e+30 1e+30 1e+30 1e+30 1e+30 97.926675 97.516148 96.813736 96.173458 95.455725 94.72033 93.94676 93.145976 92.315509 91.451881 90.561844 89.670308 88.829964 88.111149 87.513109 86.998881 86.539638 86.115655 85.715481 85.332295 84.960532 84.595402 84.232641 83.868465 83.499577 83.123136 82.736792 82.338662 81.927262 81.501406 81.060095 80.602443 80.127613 79.634764 79.123046 78.591584 78.039476 77.465808 76.869669 76.250193 75.606622 74.938395 74.24525 73.527417 72.78582 72.022317
1e+30 1e+30 1e+30 1e+30 1e+30 1e+30 1e+30 1e+30 1e+30 1e+30 1e+30 1e+30 1e+30 1e+30 1e+30 1e+30 96.391527 95.919319 95.14298 94.451998 93.697897 92.949303 92.195182 91.425177 90.646557 89.878138 89.150077 88.492684 87.911522 87.394024 86.92452 86.489465 86.078849 85.685366 85.303241 84.927659 84.554454 84.179967 83.801036 83.414927 83.019328 82.612335 82.19237 81.758117 81.308435 80.842299 80.35874 79.856788 79.335447 78.793682 78.230409 77.644488 77.03474 76.399977 75.739059 75.050981 74.335004 73.590875 72.819143 72.021557
1e+30 1e+30 1e+30 1e+30 1e+30 1e+30 1e+30 1e+30 1e+30 1e+30 1e+30 1e+30 1e+30 1e+30 1e+30 1e+30 1e+30 1e+30 94.694887 94.196806 93.39353 92.708147 92.040742 91.357071 90.67104 89.995627 89.34955 88.747977 88.196251 87.691153 87.224916 86.788846 86.375076 85.977067 85.589421 85.207569 84.827562 84.445941 84.059699 83.666225 83.263284 82.849002 82.421784 81.980263 81.523228 81.04958 80.558256 80.048189 79.518264 78.967287 78.393986 77.796986 77.174814 76.525906 75.848654 75.141462 74.402898 73.631926 72.828313 71.993253
1e+30 1e+30 1e+30 1e+30 1e+30 1e+30 1e+30 1e+30 1e+30 1e+30 1e+30 1e+30 1e+30 1e+30 1e+30 1e+30 1e+30 1e+30 1e+30 1e+30 92.92128 92.399028 91.852576 91.241359 90.634908 90.033756 89.454488 88.903427 88.384338 87.899398 87.445137 87.015916 86.605544 86.208412 85.819814 85.435649 85.052294 84.666559 84.275619 83.877004 83.468597 83.048612 82.615505 82.167916 81.704633 81.224532 80.726512 80.209442 79.672112 79.113201 78.53125 77.924651 77.291618 76.630178 75.938177 75.213307 74.453191 73.655606 72.818916 71.942911
1e+30 1e+30 1e+30 1e+30 1e+30 1e+30 1e+30 1e+30 1e+30 1e+30 1e+30 1e+30 1e+30 1e+30 1e+30 1e+30 1e+30 1e+30 1e+30 1e+30 1e+30 92.064113 91.679188 91.070887 90.543473 89.999974 89.481222 88.976884 88.488301 88.026956 87.590299 87.174136 86.772764 86.381208 85.995771 85.612929 85.229418 84.842396 84.449235 84.047595 83.635511 83.211361 82.773714 82.321262 81.852845 81.367389 80.863811 80.340956 79.797548 79.232157 78.643167 78.028748 77.386816 76.714997 76.010561 75.270392 74.490958 73.668395 72.798833 71.879236
1e+30 1e+30 1e+30 1e+30 1e+30 1e+30 1e+30 1e+30 1e+30 1e+30 1e+30 1e+30 1e+30 1e+30 1e+30 1e+30 1e+30 1e+30 1e+30 1e+30 1e+30 1e+30 1e+30 90.769521 90.418153 89.891458 89.443542 88.98459 88.515 88.079824 87.664944 87.267572 86.880156 86.497886 86.11915 85.740877 85.360064 84.974393 84.581354 84.178636 83.764493 83.337621 82.896731 82.440577 81.968097 81.478363 80.97038 80.443013 79.894957 79.324706 78.730514 78.110365 77.461917 76.782439 76.068684 75.316742 74.52185 73.678187 72.778795 71.815871
1e+30 1e+30 1e+30 1e+30 1e+30 1e+30 1e+30 1e+30 1e+30 1e+30 1e+30 1e+30 1e+30 1e+30 1e+30 1e+30 1e+30 1e+30 1e+30 1e+30 1e+30 1e+30 1e+30 1e+30 1e+30 89.654176 89.36688 88.952923 88.457289 88.062392 87.672063 87.301024 86.932389 86.561021 86.192054 85.82137 85.445588 85.063767 84.673167 84.27112 83.856215 83.427897 82.985001 82.526209 82.050602 81.557583 81.046335 80.515765 79.964576 79.391209 78.793824 78.170279 77.518055 76.834165 76.114998 75.356048 74.551513 73.693715 72.772292 71.773101
1e+30 1e+30 1e+30 1e+30 1e+30 1e+30 1e+30 1e+30 1e+30 1e+30 1e+30 1e+30 1e+30 1e+30 1e+30 1e+30 1e+30 1e+30 1e+30 1e+30 1e+30 1e+30 1e+30 1e+30 1e+30 1e+30 1e+30 1e+30 88.248833 87.99037 87.609874 87.282075 86.937337 86.571752 86.216671 85.856966 85.487145 85.111927 84.726429 84.326459 83.911357 83.482757 83.039175 82.578659 82.100534 81.605053 81.091622 80.559142 80.006384 79.43175 78.833317 78.208889 77.555873 76.871186 76.15111 75.39095 74.584445 73.722873 72.793565 71.777062
